2023/7/10
11 8 4 8 7 8 10

2023/7/17
9 10 6 6 8 9 6

2023/7/24
'N/A' 'N/A' 'N/A' 'N/A' 'N/A' 'N/A' 'N/A'

2023/7/31
'N/A' 'N/A' 'N/A' 'N/A' 'N/A' 'N/A' 'N/A'


2023/8/7
11 8 7 11 7 10 8

2023/8/14
9 8 10 4 8 8 7

2023/8/21
8 7 8 7 7 6 10

2023/8/28
7 7 8 8 6 8 8


2023/9/4
8 7 8 9 'N/A' 8 7

2023/9/11
7 4 8 6 9 8 8

2023/9/18
7 7 7 7 6 7 7

2023/9/25
7 11 7 5 7 7 6


2023/10/2
6 6 7 7 7 7 8

2023/10/9
6 7 6 7.5 7 9 8

2023/10/16
7 7 6.5 6 7 7 7

2023/10/23
6 8.5 7 9.5 9 7 6

2023/10/30
9 6 7 8 6.5 6 5.5


2023/11/6
6 7.5 7 8 10 7 7

2023/11/13
6 9 5 7 8 9 7

2023/11/20
11 7 8 8 7 9 6.5

2023/11/27
8 8 6 8 8.5 8 7


2023/12/4
10 9 9 8 8 10 8

2023/12/11
7 7 7 11 3 9 7

2023/12/18
5 5 12 5 11 7 12

2023/12/25
9 5 11 8 8 5 10


2024/1/1
11 8 10.5 8.5 9 7.5 9

2024/1/8
6.5 7 9.5 8.5 6 8.5 9